80 1503
593 1161
1498 1509
568 1738
501 476
693 559
437 1399
216 572
1227 1180
446 1845
848 614
710 1219
1965 1106
1202 461
781 1261
29 1569
1934 1145
1025 1124
840 1945
1330 930
660 31
789 1185
722 428
1391 1644
645 748
267 314
473 1406
883 1707
1610 1443
659 278
344 1055
1324 1053
403 1108
775 974
612 1256
901 1223
576 1467
589 927
782 1020
373 812
347 1126
371 242
528 1377
493 552
1569 1175
513 1211
365 1158
1078 700
455 1454
308 1103
988 1878
1003 511
266 923
147 1363
566 1503
239 1166
500 1128
863 642
534 474
180 1054
88 170
45 131
1189 98
1510 1623
272 1063
190 421
477 515
939 1874
676 1734
322 96
212 631
341 862
2008 515
426 974
394 552
623 395
328 439
102 775
593 1856
99 930
117 575
1765 1315
1434 2010
1476 570
244 596
836 1799
1980 26
75 1334
230 1626
1334 611
1820 1731
473 1761
858 276
1817 1295
505 1505
1797 1154
1278 523
174 193
25 606
518 1870
1112 264
1983 418
566 1708
510 214
629 419
74 1147
1959 996
843 1768
1790 442
1113 1654
784 202
464 205
1800 1896
211 77
1987 844
418 536
1827 693
1841 1316
1878 1840
695 1558
1331 319
1277 93
946 122
963 233
512 127
1341 276
1019 190
1549 274
1115 30
426 65
918 25
1026 307
1868 640
1336 233
1996 1063
1320 51
57 1596
1975 476
39 82
395 1397
1883 498
725 724
1614 61
119 827
484 1471
1642 124
1859 344
1911 262
1705 1628
363 167
2008 759
1280 369
97 110
977 323
435 1628
1064 489
502 1262
632 1340
431 620
425 1346
921 412
415 1311
