1278 1501
1265 664
1334 1255
1162 1347
1294 1337
1522 1444
1311 975
1303 932
1284 1756
1959 1294
1017 408
1843 930
760 1410
268 879
1287 876
1517 780
201 1006
1139 986
1283 1009
1496 734
403 998
1004 1776
275 324
1246 997
424 217
223 35
467 1154
1307 1261
1084 234
1200 953
165 310
1051 1034
1274 426
1461 961
504 1638
1088 1100
793 564
646 1106
545 634
1649 467
1071 587
811 1902
743 991
399 798
1893 690
386 506
1041 80
849 898
726 1814
925 638
327 915
1576 626
1676 636
627 1293
539 1132
664 946
524 1079
1726 1034
900 675
338 719
698 309
839 712
2021 744
774 812
269 1923
352 461
415 1063
771 450
438 463
192 733
648 1199
451 1102
1394 226
753 1513
1243 1538
1291 527
248 1536
1066 1778
447 617
1431 722
218 433
1498 1102
654 1400
20 1750
1227 307
655 689
178 1199
792 392
1533 1692
1683 1019
180 530
1627 1263
373 1431
747 572
1048 498
1559 1166
1768 1641
112 933
389 869
1772 1420
1774 977
439 1270
1534 747
1605 1565
380 1198
888 1469
1500 337
60 976
359 682
392 1102
594 278
1948 1008
325 321
1842 1768
1351 1884
1591 1729
650 239
1743 606
1257 1942
1774 1094
1340 350
1960 1258
464 1833
1749 1574
1502 1389
760 166
391 175
822 180
756 321
1323 465
552 1407
1867 672
677 67
1272 732
671 1740
1620 1311
1622 1724
1577 349
73 1615
1179 459
1165 46
1734 30
1213 126
749 20
864 210
1856 400
992 2012
363 285
1716 1764
1843 969
1847 1877
1552 366
1749 548
329 1695
1909 531
139 146
1938 589
795 2016
1810 456
2011 1850
1684 206
644 1833
1633 500
1723 408
1721 1952
1784 1940
1601 1460
1938 208
1892 2008
2018 1659
1612 132
1221 269
1987 42
1862 216
1611 461
1778 678
516 628
1204 1762
981 1968
605 913
1881 1181
1957 1563
