436 1402
80 1504
848 615
693 560
501 476
1203 462
216 573
1498 1509
1330 931
502 1263
593 1161
722 429
446 1846
268 315
1610 1444
568 1739
1003 513
1227 1181
688 1563
484 1470
645 749
589 928
1934 1146
840 1946
403 1109
659 279
731 733
661 32
1965 1107
1078 701
28 1570
1476 571
493 553
1324 1054
1025 1125
373 813
266 924
781 1261
347 1127
473 1407
371 243
365 1159
789 1186
858 277
1189 99
710 1220
1569 1176
344 1056
863 643
623 396
534 475
775 975
883 1707
1334 612
782 1021
395 553
1112 265
1391 1645
528 1377
576 1467
1278 524
272 1063
426 974
308 1104
513 1211
901 1224
180 1055
1980 28
1766 1316
239 1167
477 516
455 1455
1434 2010
75 1335
613 1257
1789 443
1798 1155
1113 1655
147 1364
1827 694
1820 1731
25 607
988 1879
510 215
322 97
102 776
328 440
1982 417
244 596
174 194
1705 1629
1342 278
45 131
212 632
939 1875
190 422
57 1597
342 863
1818 1296
88 171
1510 1624
500 1129
99 931
2008 516
676 1735
784 204
836 1800
464 206
230 1627
1027 308
963 234
1277 94
1959 997
473 1761
629 420
1841 1317
1116 32
418 537
566 1504
593 1857
1332 321
117 575
1878 1841
566 1709
518 1871
505 1506
1987 844
947 123
1867 640
1019 191
1800 1897
1064 490
97 111
1320 52
1550 276
1336 235
211 77
512 128
918 26
1997 1064
120 828
843 1769
1975 476
75 1148
1859 345
1883 499
1643 125
1614 61
1268 373
978 324
355 176
