79 1502
567 1738
28 1568
839 1945
445 1845
592 1161
882 1707
987 1878
575 1467
1496 1508
696 1561
1390 1644
454 1454
346 1126
938 1874
725 1212
472 1406
215 573
1432 2009
499 476
402 1108
675 1735
527 1376
788 1185
1818 1730
364 1158
780 1261
611 1256
307 1103
565 1503
472 1761
1609 1443
512 1211
229 1626
1975 27
835 1799
146 1363
845 615
1962 1106
592 1856
74 1334
238 1166
1112 1654
503 1505
899 1223
565 1708
343 1055
587 927
372 813
690 560
272 1063
102 776
1876 1839
1508 1623
1931 1145
518 1870
1798 1895
842 1769
265 923
1225 1180
99 931
1023 1124
659 31
266 316
643 748
499 1128
179 1054
87 173
74 1147
56 1595
657 279
425 974
44 134
720 428
773 974
781 1021
1199 461
1327 930
1567 1175
1816 1295
1000 512
1763 1316
491 552
370 243
340 862
1075 701
393 553
25 607
1321 1052
2003 515
321 98
436 1399
1978 417
116 576
1785 442
856 276
861 643
1186 100
1839 1317
1472 571
243 596
1795 1154
621 395
211 632
327 440
1274 524
173 196
462 206
1330 611
475 516
532 474
1956 996
189 423
509 214
119 828
1983 844
1994 1063
782 203
1109 266
210 81
627 419
1824 694
1024 308
1273 95
1640 128
1864 640
961 233
1971 477
38 85
945 122
1545 275
1879 498
1338 277
511 128
1112 33
1854 344
1611 64
1328 321
917 25
730 735
1332 235
1319 55
425 69
482 1470
1016 191
