1278 1501
1265 664
1334 1255
1162 1348
1294 1337
1522 1444
1311 975
1284 1756
1302 932
1959 1294
759 1410
1017 408
267 879
1843 930
1138 986
200 1006
1287 876
1004 1776
1517 780
1283 1009
1246 997
402 998
467 1155
1200 954
1050 1034
1496 734
424 217
504 1638
1307 1261
275 324
1088 1100
810 1902
164 310
848 898
646 1106
1461 961
544 634
523 1079
327 915
1084 234
742 991
1274 426
793 564
726 1814
626 1293
663 946
399 798
1071 587
1892 690
900 675
337 720
539 1133
1040 80
1649 468
925 638
450 1102
414 1063
653 1400
1676 636
385 506
647 1199
770 450
269 1923
1243 1538
839 712
752 1514
697 309
2021 744
1066 1779
1498 1102
773 812
438 462
1576 626
191 733
1726 1034
351 461
180 530
248 1536
792 392
359 682
178 1200
1227 307
439 1270
218 433
1291 527
1605 1565
888 1469
1533 1692
20 1750
1394 226
1683 1019
391 1102
655 690
1559 1166
388 869
1772 1420
1627 1263
1431 722
112 933
380 1198
447 617
1774 977
1350 1884
1048 498
747 572
373 1431
1768 1641
60 976
552 1407
325 321
464 1833
1591 1729
1620 1311
1774 1094
1842 1768
1960 1258
1534 747
594 278
390 175
1339 350
1948 1008
760 166
1500 337
1323 465
73 1615
756 321
1257 1942
670 1740
1743 606
1502 1389
1622 1725
1749 1574
650 239
822 180
1577 349
1179 459
1164 46
1868 672
1213 126
992 2012
864 210
749 20
677 67
1272 732
1716 1764
795 2016
644 1833
1735 31
362 285
139 145
2011 1850
1749 548
1856 399
1843 970
1810 457
1847 1878
329 1695
1684 206
1632 499
1939 589
1552 366
1909 531
1721 1952
1937 207
2018 1659
1722 407
1601 1460
