79 1502
567 1738
592 1161
1497 1508
839 1946
446 1845
28 1568
882 1707
709 1219
1391 1644
781 1261
1227 1180
789 1185
1025 1124
612 1256
472 1406
402 1108
500 475
575 1467
215 572
692 559
528 1377
1965 1106
1933 1145
988 1878
847 614
455 1454
1610 1443
346 1126
900 1223
344 1055
146 1363
238 1166
512 1211
565 1503
675 1735
364 1158
938 1874
1330 931
782 1020
588 927
774 974
836 1799
1201 460
660 30
229 1626
307 1103
721 428
1324 1053
472 1761
272 1062
499 1128
504 1505
592 1856
372 812
644 748
75 1334
1433 2009
565 1708
518 1870
267 314
1509 1623
658 277
265 923
179 1053
341 861
1569 1175
426 974
116 574
1113 1653
493 551
370 241
44 131
842 1769
98 930
1765 1315
74 1147
322 95
436 1398
189 421
1819 1731
88 169
244 595
211 631
1817 1295
1979 26
1077 700
533 474
394 552
1002 511
862 642
476 515
102 774
24 605
1797 1153
622 394
2009 519
327 439
509 213
1877 1840
1800 1896
1984 421
1188 96
173 193
856 275
1959 996
1841 1316
210 77
628 418
