1277 1501
1283 1756
1161 1348
1521 1445
1333 1255
1004 1776
1293 1338
759 1411
1265 665
1302 934
1958 1295
1311 976
268 881
810 1902
467 1155
1286 877
201 1008
403 999
504 1638
1087 1101
725 1814
1138 987
1306 1262
626 1294
848 899
1016 409
1841 931
439 1271
752 1514
165 312
1066 1779
1282 1010
742 992
646 1107
1245 998
1242 1538
424 219
1532 1692
523 1080
1050 1035
539 1133
415 1064
270 1922
663 947
653 1401
1256 1942
178 1200
248 1536
373 1432
544 636
1516 781
888 1469
773 813
451 1103
386 508
327 916
1200 955
670 1740
275 326
1083 236
399 799
793 566
1501 1390
380 1199
1497 1103
1071 588
21 1750
647 1200
1621 1724
338 721
1350 1884
1496 736
391 1103
925 639
552 1408
1460 962
352 463
1558 1167
1590 1729
192 734
2020 746
839 713
1771 1420
1273 427
1039 82
1841 1768
464 1833
1626 1263
1766 1641
447 619
74 1615
991 2011
899 676
113 934
1891 691
359 684
181 532
388 870
1647 468
1675 638
1724 1035
325 323
644 1833
697 311
1619 1311
219 435
60 977
655 691
438 464
1604 1565
329 1695
747 573
1959 1258
1748 1574
594 280
795 2015
1575 628
1600 1460
1225 308
1392 227
792 394
1271 733
1290 528
1682 1020
1533 748
1431 724
1947 1009
1773 1095
1048 500
1783 1939
770 452
1773 978
676 70
1842 970
1322 466
756 323
391 178
1714 1763
748 22
363 287
650 241
2009 1849
1164 48
1845 1877
1338 351
1212 128
1178 460
1498 338
140 148
1575 350
1748 550
1733 32
864 212
1742 607
821 182
2016 1658
1721 409
1631 501
759 168
1891 2007
1719 1952
1856 403
1866 673
1682 207
1937 590
1550 367
1908 533
1609 462
1203 1762
1777 680
1810 460
223 37
1985 43
1610 134
1936 209
1220 271
1860 218
516 629
980 1973
1880 1182
