1278 1501
1265 665
1334 1255
1017 409
1287 877
1522 1445
1303 933
1311 976
1959 1295
1294 1338
268 880
1843 930
1284 1757
1162 1348
1283 1010
1517 781
201 1007
1649 468
1084 235
1246 997
1139 987
760 1411
1274 427
1004 1777
467 1155
424 218
1496 736
1071 588
403 999
1676 637
1307 1262
1461 962
1088 1101
1498 1103
1533 1693
1051 1035
849 899
726 1815
743 992
386 507
811 1903
793 565
165 311
545 635
1041 81
504 1639
1576 627
275 325
1892 691
1200 954
664 947
1227 308
925 639
646 1107
1843 1769
338 720
900 676
698 310
1272 733
2021 745
774 813
1502 1390
20 1751
400 799
524 1079
839 713
352 462
192 734
1291 528
327 916
439 1271
1431 723
1683 1019
415 1064
269 1924
447 618
1622 1725
1772 1421
539 1133
1559 1167
178 1200
1394 227
1627 1263
748 573
359 683
594 279
1768 1641
1243 1539
1726 1035
439 464
389 870
373 1432
655 691
627 1294
792 393
1048 499
771 451
753 1514
219 434
1351 1885
1843 970
248 1537
1340 351
73 1616
1500 338
1620 1311
1775 1095
1066 1780
1601 1461
1534 748
1257 1943
654 1401
648 1200
451 1102
1577 350
1774 978
671 1740
1591 1729
1960 1258
1179 460
1827 903
1324 466
325 322
1867 672
112 934
822 181
1748 548
1605 1566
60 976
1949 1009
1743 607
992 2013
864 211
464 1834
1722 408
392 1102
1214 128
516 629
180 531
1785 1941
1165 47
888 1469
650 240
757 322
1610 462
1552 367
391 176
380 1199
760 167
1750 1575
1847 1878
552 1408
1734 31
1632 501
1684 207
749 21
1856 401
363 286
1716 1765
1892 2009
329 1696
2018 1660
1778 679
1721 1953
795 2017
1909 532
2011 1850
1938 590
139 146
1222 271
677 68
605 914
644 1835
1810 457
978 1973
1611 132
